Time Spent in Quantum Computer:  17.521 Milli Seconds

############# Rank 1 #############
Weights:  [0.0380952380952381, 0.05714285714285714, 0.05238095238095238, 0.01904761904761905, 0.047619047619047616, 0.06666666666666667, 0.0, 0.05238095238095238, 0.009523809523809525, 0.023809523809523808, 0.03333333333333333, 0.03333333333333333, 0.07142857142857142, 0.004761904761904762, 0.05714285714285714, 0.0380952380952381, 0.009523809523809525, 0.009523809523809525, 0.009523809523809525, 0.0380952380952381, 0.014285714285714285, 0.01904761904761905, 0.04285714285714286, 0.0, 0.07142857142857142, 0.06666666666666667, 0.07142857142857142, 0.03333333333333333, 0.004761904761904762, 0.004761904761904762]
Expected Return:  0.25
Actual Return:  0.3804397708369445
Volatility:  0.2350980242322233

############# Rank 2 #############
Weights:  [0.042105263157894736, 0.0, 0.06842105263157895, 0.0, 0.06842105263157895, 0.07368421052631578, 0.031578947368421054, 0.03684210526315789, 0.015789473684210527, 0.06842105263157895, 0.010526315789473684, 0.031578947368421054, 0.07368421052631578, 0.02631578947368421, 0.021052631578947368, 0.05263157894736842, 0.010526315789473684, 0.0, 0.010526315789473684, 0.0, 0.010526315789473684, 0.04736842105263158, 0.04736842105263158, 0.005263157894736842, 0.07368421052631578, 0.021052631578947368, 0.07368421052631578, 0.010526315789473684, 0.02631578947368421, 0.042105263157894736]
Expected Return:  0.25
Actual Return:  0.37843393647460877
Volatility:  0.23288697480319376

############# Rank 3 #############
Weights:  [0.04790419161676647, 0.005988023952095809, 0.0658682634730539, 0.023952095808383235, 0.0718562874251497, 0.08982035928143713, 0.0, 0.017964071856287425, 0.011976047904191617, 0.07784431137724551, 0.041916167664670656, 0.011976047904191617, 0.08982035928143713, 0.0, 0.0718562874251497, 0.0, 0.04790419161676647, 0.011976047904191617, 0.011976047904191617, 0.0, 0.005988023952095809, 0.04790419161676647, 0.0, 0.0, 0.08383233532934131, 0.023952095808383235, 0.04790419161676647, 0.011976047904191617, 0.07784431137724551, 0.0]
Expected Return:  0.25
Actual Return:  0.38801436710469905
Volatility:  0.23990742109120722

############# Rank 4 #############
Weights:  [0.07035175879396985, 0.05527638190954774, 0.005025125628140704, 0.020100502512562814, 0.0, 0.07537688442211055, 0.0, 0.07537688442211055, 0.010050251256281407, 0.02512562814070352, 0.035175879396984924, 0.03015075376884422, 0.07537688442211055, 0.005025125628140704, 0.04020100502512563, 0.005025125628140704, 0.03015075376884422, 0.010050251256281407, 0.010050251256281407, 0.04020100502512563, 0.005025125628140704, 0.005025125628140704, 0.005025125628140704, 0.0, 0.07035175879396985, 0.07035175879396985, 0.07035175879396985, 0.03015075376884422, 0.06532663316582915, 0.06030150753768844]
Expected Return:  0.25
Actual Return:  0.36919610798674973
Volatility:  0.23121486181433762

############# Rank 5 #############
Weights:  [0.04524886877828054, 0.05429864253393665, 0.058823529411764705, 0.027149321266968326, 0.0, 0.06334841628959276, 0.02262443438914027, 0.06787330316742081, 0.01809954751131222, 0.02262443438914027, 0.027149321266968326, 0.04524886877828054, 0.049773755656108594, 0.004524886877828055, 0.05429864253393665, 0.03619909502262444, 0.027149321266968326, 0.00904977375565611, 0.013574660633484163, 0.03619909502262444, 0.013574660633484163, 0.05429864253393665, 0.004524886877828055, 0.01809954751131222, 0.06334841628959276, 0.05429864253393665, 0.05429864253393665, 0.03167420814479638, 0.02262443438914027, 0.0]
Expected Return:  0.25
Actual Return:  0.36870381207303804
Volatility:  0.23145507123994286

############# Rank 6 #############
Weights:  [0.0, 0.005235602094240838, 0.07853403141361257, 0.020942408376963352, 0.0, 0.07329842931937172, 0.0, 0.07853403141361257, 0.031413612565445025, 0.06806282722513089, 0.03664921465968586, 0.03664921465968586, 0.06806282722513089, 0.02617801047120419, 0.041884816753926704, 0.0, 0.015706806282722512, 0.0, 0.031413612565445025, 0.06282722513089005, 0.03664921465968586, 0.06806282722513089, 0.005235602094240838, 0.005235602094240838, 0.03664921465968586, 0.06282722513089005, 0.07329842931937172, 0.010471204188481676, 0.02617801047120419, 0.0]
Expected Return:  0.25
Actual Return:  0.3673814192941718
Volatility:  0.22999759299408737

############# Rank 7 #############
Weights:  [0.05154639175257732, 0.04639175257731959, 0.015463917525773196, 0.020618556701030927, 0.041237113402061855, 0.07216494845360824, 0.0, 0.015463917525773196, 0.0, 0.02577319587628866, 0.03608247422680412, 0.030927835051546393, 0.05670103092783505, 0.0, 0.07731958762886598, 0.0, 0.015463917525773196, 0.010309278350515464, 0.030927835051546393, 0.041237113402061855, 0.015463917525773196, 0.061855670103092786, 0.06701030927835051, 0.0, 0.07216494845360824, 0.061855670103092786, 0.05154639175257732, 0.03608247422680412, 0.04639175257731959, 0.0]
Expected Return:  0.25
Actual Return:  0.36396877733319755
Volatility:  0.2321346190014516

############# Rank 8 #############
Weights:  [0.057692307692307696, 0.0, 0.0625, 0.019230769230769232, 0.028846153846153848, 0.07211538461538461, 0.009615384615384616, 0.04807692307692308, 0.014423076923076924, 0.019230769230769232, 0.03365384615384615, 0.03365384615384615, 0.052884615384615384, 0.014423076923076924, 0.038461538461538464, 0.0, 0.052884615384615384, 0.009615384615384616, 0.009615384615384616, 0.057692307692307696, 0.052884615384615384, 0.057692307692307696, 0.04326923076923077, 0.004807692307692308, 0.0673076923076923, 0.057692307692307696, 0.04807692307692308, 0.009615384615384616, 0.02403846153846154, 0.0]
Expected Return:  0.25
Actual Return:  0.36303570552135017
Volatility:  0.22753896723313705

############# Rank 9 #############
Weights:  [0.05319148936170213, 0.0425531914893617, 0.026595744680851064, 0.0, 0.0425531914893617, 0.03723404255319149, 0.02127659574468085, 0.015957446808510637, 0.010638297872340425, 0.03723404255319149, 0.03723404255319149, 0.031914893617021274, 0.0797872340425532, 0.005319148936170213, 0.05851063829787234, 0.0425531914893617, 0.05319148936170213, 0.005319148936170213, 0.02127659574468085, 0.0, 0.005319148936170213, 0.06914893617021277, 0.047872340425531915, 0.0, 0.0797872340425532, 0.02127659574468085, 0.07446808510638298, 0.010638297872340425, 0.047872340425531915, 0.02127659574468085]
Expected Return:  0.25
Actual Return:  0.3585611381320485
Volatility:  0.23220527930330162

############# Rank 10 #############
Weights:  [0.037383177570093455, 0.02336448598130841, 0.04205607476635514, 0.028037383177570093, 0.018691588785046728, 0.03271028037383177, 0.018691588785046728, 0.0514018691588785, 0.028037383177570093, 0.03271028037383177, 0.03271028037383177, 0.028037383177570093, 0.0514018691588785, 0.02336448598130841, 0.056074766355140186, 0.004672897196261682, 0.014018691588785047, 0.0, 0.009345794392523364, 0.037383177570093455, 0.014018691588785047, 0.06074766355140187, 0.04205607476635514, 0.018691588785046728, 0.06542056074766354, 0.056074766355140186, 0.06542056074766354, 0.06542056074766354, 0.04205607476635514, 0.0]
Expected Return:  0.25
Actual Return:  0.3549950916550232
Volatility:  0.23128603082257057
Objective:  0.055271080997895065
Returns:  22.498629192320006
Weights:  153.140625
